$ANSIBLE_VAULT;1.1;AES256
36333130613634346266343062393964323932666532343533303937663961633365646230613761
6566333538393135353132313533366665383661313433320a346431306539646630396536386132
38613439626633656339383762386133313363396136373736363230373662343063326231313765
6337373464393739300a313265653564616266633530306234616365666134353832633933383134
33323364663135616365333734376662343533323563663462393139373531663737393732366237
35386431373763623239303662376161643834616533656539643434663336323066343937663661
33303562376165336161626537613166393733316262383532373539663439626431323738353862
31643230343165333134343231626538346235353234313736333630643234373764656331313031
32323735363464646334303766323763396633313264373236666166323938386662356463333536
65363861376163356561666634306134623463373665356462643931653733646135306263616362
66306363653036623531356530356533666131346135386531666438623630643764353139343939
66383939633264623862306235306534376338636230343330393464663037343030613736646261
39333330373939646566653163326335316333366138623533303861623133386637343861666165
62663433653733653366383066343638333334613039636430306132303238383639613364613136
62386133363832646132383034306335306531303432343937373335396534393131643366383866
39626238633761373961646562613432343336616264646235306366373662643464653865396134
31306536633239393035333033323232383465366239663232636430346363383336663162623534
63663164323037343864643731656666646362306333653838373465373863633966343432396365
36373437356165316235356139653263313163666534343934373961306131666630393335353437
39353265396439343663663737323431306434353861353464363036633034303439616432633863
63393661373965363864383465366366306566306633343739356161653238343631343338613165
6163316262656437626237323639346263653633303432623038
